2
6
03 10103538 2222 1233 6160 0142
03 10103538 2222 1233 6160 0141
30 10103538 2222 1233 6160 0141
30 10103538 2222 1233 6160 0142
30 10103538 2222 1233 6160 0141
30 10103538 2222 1233 6160 0142

5
30 10103538 2222 1233 6160 0144
30 10103538 2222 1233 6160 0147
30 10103538 2222 1233 6160 0145
30 10103538 2222 1233 6160 0146
30 10103538 2222 1233 6160 0148

6
30 10103538 2222 1233 6160 0149
30 10103538 2222 1233 6160 0140
30 10103538 2222 1233 6160 0145
30 10103538 2222 1233 6160 0146
30 10103538 2222 1233 6160 0143
30 10103538 2222 1233 6160 0146

11
30 10103538 2222 1233 6160 0144
30 10103538 2222 1233 6160 0142
30 10103538 2222 1233 6160 0145
30 10103538 2222 1233 6160 0143
30 10103538 2222 1233 6160 0149
30 10103538 2222 1233 6160 0140
30 10103538 2222 1233 6160 0145
30 10103538 2222 1233 6160 0146
30 10103538 2222 1233 6160 0143
30 10103538 2222 1233 6160 0146
30 10103538 2222 1233 6160 0143

13
40 10103538 2222 1233 6160 0144
40 10103538 2222 1233 6160 0142
40 10103538 2222 1233 6160 0145
40 10103538 2222 1233 6160 0143
40 10103538 2222 1233 6160 0149
40 10103538 2222 1233 6160 0153
40 10103538 2222 1233 6160 0159
40 10103538 2222 1233 6160 0140
40 10103538 2222 1233 6160 0145
40 10103538 2222 1233 6160 0146
40 10103538 2222 1233 6160 0143
30 10103538 2222 1233 6160 0146
30 10103538 2222 1233 6160 0143